Program  2: Hash File with Chaining
Written by: Gordie Howe and Sergei Federov

Statistics
number of slots in use           = 477
number of overflow nodes in use  = 90
average search length of file    = 1.35


Primary File
bucket slot1(key)  slot2(key)  slot3(key)  slot4(key)  slot5(key)    link
    0   901686205  1064307202   149033220  1783704804  1561027839     247
    1   509441976  2049281746  1909963329  1598610182   867489771     117
    2  1305136429  1985633288  1073189245  1443707169           0       0
    3   301393445  1943867621   924918578  1150333376           0       0
    4   187083474           0           0           0  1754339416       0
    5   417835542   161501688           0           0  1357750735       0
    6   967469054   776105273  1610397018   838689872   935574436     207
    7  1611745884  1671787453  2067259201           0           0       0
    8  1306639405  1419848151   463562842  1840803868   683123673     124
    9  1394009206   961732900  1999768234   185651433   324111146      80
   10   418808491   744409627   312768543   604917589           0       0
   11    46629685   515389606           0   592718067   920486550       0
   12  1058263561   324734947   751361728   662333425  1467040223      71
   13   779762150  1363341482  1337800393           0  1171800986       0
   14  1478114127  1176768642  1905723610   777287070  2073144948     244
   15  1713857174   440960941           0           0  1735063093       0
   16  1378802917  1710572299  2088216181   340915619   418959270      98
   17    22482330           0           0  1969995394  1903390261       0
   18  1698602924  1525409134  1206278385  1370328810  1855019380       0
   19   748895936   673421257  1662726091  1861345778           0       0
   20  1882922978  1746156516           0           0           0       0
   21   638657432   324282518  1244204997           0  1449090153       0
   22   988103313  1753190489  1495200750   952246709  1222745966     214
   23  2046659246  1932155542  1260691616   257421061           0       0
   24  1773660871  1418163722   173990043  1925503443  2029056529      82
   25           0           0   630344334  1128050886           0       0
   26   894760550  1212068933  1846991172  1721808289   547684317     192
   27   727888517  1176944894  1290525872  1332398759   648657722       0
   28    10534622  1089769898  1018781876  2050882085  1467933096     162
   29  1173244472   395956583   350240353   486347912  1009722288       0
   30  2001284434   660390887           0           0           0       0
   31  1647039642    65277957   562238260           0           0       0
   32  1356016813  2046651758   985372154  1440439102  1246009048     154
   33   735419200  1049603714  2022134070   872096174    56062837     130
   34  1427567469    57684213  1259407736   290334092   145252862     120
   35  2141629112   478281622  1501679242   446478158  1088902514      90
   36   907462977  1988605942   745135553           0           0       0
   37   382588607  2025120260   561339340   389434915  1433243296      92
   38   790487764    44591242  1650264073  1814925206  1485430033      73
   39   168115147  1293015245   328913064           0           0       0
   40  1353370380  1030391290   909108870           0  1756961855       0
   41  1402538087   183250283   290428704   650538888   744135006     139
   42   720760789   504510419   798854063           0  1305113740       0
   43   704994599   283496004  1499547246           0           0       0
   44  1296090686           0           0           0  1498676405       0
   45   534626109  1349984835  1860616929  1041536597  1813955244     174
   46  2050267587           0  1096996786  2027471947  1430131574       0
   47  1811048195  1620983656  1560067556   265844976  1997056024     217
   48   695089758   212681489    77780828   282438337  1165605286       0
   49  1501929275  2096671283   504494718  1310914283  1779446081     235
   50   520705613  1933447076  1592318820   521863126  1584386994       0
   51   600678731  1555451907  1124997015   434017089  1125168256       0
   52  1653699141  1068475229  1792148382           0  1960326203       0
   53   387078017  2075354936           0           0  1752253157       0
   54   292341285           0   178220047  1160340732   664557220       0
   55   465488785   436680194           0    75267079  1351559691       0
   56   697754890  1516093614  1469528081  1041173777   552733993     184
   57           0           0           0           0           0       0
   58   811995249  2093056905           0           0           0       0
   59   156677601  1266463985   610389020  1269722681  1334297079     109
   60  2097378987   716879979  1603984519           0           0       0
   61  1762885934    50068835           0           0           0       0
   62   395888310           0           0  1565698413   246160844       0
   63  1439770829  1849536619   264469590  1812109096  2061797752     159
   64   371225324   424968461  1937782617  1940027552           0       0
   65   524994150  2120695138  2125388498           0           0       0
   66  2132851703  1937952075  1869943575  2048837822  1414935532     147
   67  1722937164  1258944740  1957201159  1020798608   929890462      78
   68   647681844  1061014778  1449774450           0  1315392272       0
   69    62523026   272475797  1413788970  2002412355   864098220       0
   70  1919224097   779872401  1363710915  2034128712  1028992594     218
   71  2052773157  1908569909  1029088985  1749770478  1925731256     189
   72  1505289858   447930233   960702185   371008633  1068194409       0
   73   573303993  1675189015  2118438073   835396138  2064478356       0
   74  1457309298   196007473   966379082  1258175531           0       0
   75  1613945548  1317502030  1460855499  1723428642   994150113       0
   76  1956373523           0           0  2146397245   361684987       0
   77  1161766018  1995434203   254349130   254807280  1614362526     149
   78  1852052651           0   524961438           0           0       0
   79    81743083           0           0           0           0       0
   80  1925601912    66136472    62079881  1687696160   151735195      77
   81   891537252   983443094  1693933546  1683357778   876834683      94
   82  1034700679   946377451   737103456    52873567  1666614479     173
   83  1879341736  1670749611   640106795           0           0       0
   84  1633660644  2048921616           0   952610197  1236973906       0
   85  1012774694   336165208   496293512  1533650784           0       0
   86  1195020339  2018811643  1002270089           0  1328218348       0
   87  1796733487  1865974827           0           0           0       0
   88   731053264   278877421  1657245496   891153960           0       0
   89  1297890130           0   927731467  1783906479    29774484       0
   90   249428136   665962289  1830522707   907076876  1735220248     223
   91   744025933   642797036  1677118737           0   413678720       0
   92  1570279824           0  1282578284  1283803746   462149682       0
   93  1325320467  1397067590           0           0  1530817997       0
   94   143423059  1529315742  1783397283           0           0       0
   95  1937116248  1225046904  1432565411  1293681701           0       0
   96           0           0           0  1417181092           0       0
   97   503376166  1029991745   599366207   116864999  1918652805     240
   98   778879850   555370123           0           0           0       0
   99   376489562  1391162935   750399343   634101714    29959658     111
  100   892264956  1517241056     4898497           0   508381547       0
  101  1808417992  1437591739  1501619808   684099328   418643172       0
  102   549588393   604955404           0  1576100600   714050558       0
  103  1849943996  1073651542           0           0           0       0
  104  1637968107  1422105915   196831816           0  1651488649       0
  105    25406843   746495078  1420432419           0  1729192318       0
  106   880146002   378571236  1999854249  2076272479  1145351544     168
  107   276050476  2078600715  1506764779    43531259  1261698797       0
  108   205579748  1320198722  1065584775           0   291658755       0
  109           0           0   232091402           0           0       0
  110   740499506   639093775   180143143    84862223  1260373140     137
  111   254644879           0           0           0           0       0
  112  1439147199   792191918  1865023566   751732037   744505643     183
  113    46579450   250602808  1515892085  1686099213  1258538877       0
  114  2084876306  2039222194   339899219   726596502           0       0
  115   286807370   743310172  1820925739  1015672612  1345855010     176
  116   514408913  1218547383  2069814835   821484367   724660493       0
  117   141044510    30014178   914384336   287466394   202038317     222
  118   794444713  1752126011           0    70879493  1285276754       0


Overflow File Cell 0
                     high  = 251
                     avail = 70
Overflow File
bucket  address of nodes on the chains
     0  247  195
     1  117
     2
     3
     4
     5
     6  207  202  196  144    4
     7
     8  124
     9   80
    10
    11
    12   71
    13
    14  244  100    1
    15
    16   98
    17
    18
    19
    20
    21
    22  214   75
    23
    24   82   76    8
    25
    26  192  142  136
    27
    28  162
    29
    30
    31
    32  154
    33  130
    34  120   81
    35   90
    36
    37   92   11
    38   73
    39
    40
    41  139
    42
    43
    44
    45  174  119
    46
    47  217  165
    48
    49  235  225  112   95   13
    50
    51
    52
    53
    54
    55
    56  184
    57
    58
    59  109
    60
    61
    62
    63  159  126   88   10    7    6    5    3    2
    64
    65
    66  147   84
    67   78
    68
    69
    70  218  128
    71  189  160  105   72   12
    72
    73
    74
    75
    76
    77  149   74
    78
    79
    80   77
    81   94
    82  173  104
    83
    84
    85
    86
    87
    88
    89
    90  223   85   79
    91
    92
    93
    94
    95
    96
    97  240  127    9
    98
    99  111   89
   100
   101
   102
   103
   104
   105
   106  168  155  148  145  103
   107
   108
   109
   110  137  129
   111
   112  183  141  116
   113
   114
   115  176
   116
   117  222  212
   118
