Program  2: Hash File with Chaining
Written by: David Haltinner

Statistics
number of slots in use           = 566
number of overflow nodes in use  = 251
average search length of file    = 1.81


Primary File
bucket slot1(key)  slot2(key)  slot3(key)  slot4(key)  slot5(key)    link
    0   901686205  1064307202   149033220  1783704804  1561027839     247
    1   509441976  2049281746  1909963329  1598610182  1716709590     203
    2  1305136429  1985633288  1073189245  1283496993   574425259     115
    3   301393445    14588094  1526820459  1633113877  1066038298     250
    4   187083474  1732817076  1118632848  2121777382  1754339416       0
    5   368960100  1372453423  1119167278  1295281685  1357750735     198
    6   967469054   776105273  1610397018   838689872   935574436     207
    7  1611745884  1671787453  1392826344  2101460634  1193794084     101
    8  1306639405  1419848151   463562842    39847634   798265693     224
    9  1394009206   961732900  1999768234   185651433   324111146      80
   10   418808491   744409627   312768543   680628959   352994351     134
   11  1327111811   702827934  1510277325   592718067   920486550     243
   12  1058263561   324734947   751361728  1746002522  1608252287     135
   13   779762150  1051266362  1058554874  1496931001  1171800986     180
   14  1478114127  1176768642  1905723610   777287070  2073144948     244
   15  1713857174   440960941   221858736   663795343  1735063093       0
   16  1378802917  1710572299  2088216181   116876461    28238002     193
   17    22482330   962356111  1168045707  1969995394  1903390261       0
   18  1698602924  1525409134  1206278385  1370328810  1377235570     161
   19   748895936   673421257  1662726091  1861345778           0       0
   20  1882922978  1746156516  1921298217  1405275423           0       0
   21   638657432   324282518   260727236  1861053635  1449090153     178
   22   988103313  1753190489  1495200750   952246709  1222745966     214
   23  2046659246  1932155542  1260691616  1352484884  1642185267     114
   24  1773660871  1418163722   173990043  1925503443  2029056529      82
   25   650603608  2023260992   630344334  1128050886           0       0
   26   894760550  1212068933  1846991172  1721808289  1047481699     211
   27   727888517  1176944894  1290525872  1332398759   115910787     179
   28    10534622  1089769898  1018781876  2050882085  1467933096     162
   29  1173244472   395956583   350240353   486347912  1009722288       0
   30  2001284434   650598258  1041087476  1224518122   208678073     106
   31  1647039642    65277957   562238260           0           0       0
   32  1356016813  2046651758   697206990  1440439102  1246009048     248
   33   735419200  1049603714  2022134070  1430859365   411577360     208
   34  1427567469    57684213  1259407736   290334092  1426334748     166
   35  2141629112   478281622  1501679242   620682615  1467436397     163
   36   907462977  1988605942   745135553  1833009991           0       0
   37   382588607  2025120260   561339340   389434915  1433243296      92
   38   790487764    44591242   368660848  1839670899  1964791902     182
   39   168115147  1293015245   328913064           0           0       0
   40  1353370380  1030391290    35177273   249179614  1756961855     242
   41  1402538087   183250283  1924937496   438884655   744135006     199
   42   720760789   504510419   684003950  1934572451  1305113740     228
   43   704994599   283496004  1499547246  2007937023   756547303      46
   44  1296090686  1003049735  1812671828   729955445  1498676405       0
   45   534626109  1349984835  1860616929  1041536597  1813955244     174
   46  2050267587   226455737  1096996786  2027471947  1430131574       0
   47  1811048195  1620983656  1560067556   265844976  1997056024     217
   48   695089758   212681489  1992329107   282438337  1165605286     220
   49  1501929275  2096671283   504494718  1310914283  1779446081     235
   50   520705613  1933447076  1795876055   521863126  1584386994     221
   51   600678731  1555451907  1124997015   357536384   445052792     226
   52  1653699141  1790430498   338384287  1947347587  1960326203     133
   53   387078017  2075354936   888368135   354703710  1752253157       0
   54   292341285   541707808   178220047  1160340732   664557220       0
   55   465488785   436680194   455677830    75267079  1351559691       0
   56   697754890  1516093614  1469528081  1041173777   552733993     184
   57  1196180322  1020794671   756438432           0           0       0
   58   811995249  2093056905           0           0           0       0
   59   156677601  1266463985   610389020  1762035082  1148409202     169
   60  2097378987   716879979  1603984519           0           0       0
   61  1762885934    50068835           0           0           0       0
   62   395888310  1316212414   499627155  1565698413   246160844       0
   63  1439770829  1849536619   264469590  1812109096  2061797752     159
   64   371225324   424968461  1937782617  1940027552           0       0
   65   524994150  2120695138    48158175   767560537   157455867     152
   66  2132851703  1937952075  1869943575  1352684490  1665312722     237
   67  1722937164  1258944740  1011617282  2079309201   168198713     206
   68   647681844  1061014778  1721136814  1898811430  1315392272     188
   69    62523026  1154669564  1413788970  2002412355   864098220     229
   70  1919224097   779872401   425103770  2034128712  1028992594     249
   71  2052773157  1908569909  1029088985  1749770478  1925731256     189
   72  1505289858   447930233   960702185  1553334323  1068194409     185
   73   573303993  1675189015  2118438073   835396138   317249908     238
   74  1457309298   196007473   966379082   510267195  1087927348     108
   75  1613945548  1317502030  1855592779   336095107  1241280983     197
   76  1956373523  1746500839  1395589355  2146397245   361684987       0
   77  1161766018  1995434203   254349130   254807280  1776220257     190
   78  1852052651  2105652361   524961438           0           0       0
   79    81743083  2001715263   608877859  1619477624           0       0
   80  1925601912    66136472    62079881  1372396854  1426224243      97
   81   891537252   983443094  1693933546  1254567815   876834683     234
   82  1034700679   946377451   737103456    52873567  1303562972     210
   83  1879341736   757550156  1420114429  1188176170   700549275     227
   84  1633660644  2048921616  1667006467   952610197  1236973906       0
   85  1012774694   336165208   496293512  1619812020  1839516603     205
   86  1195020339  2018811643  1306032107   297269226  1328218348     194
   87  1796733487  1865974827  1299949423  2078753729   572534315       0
   88   731053264   278877421  2146201859    34435713  1287102898     236
   89  1297890130   412999109   927731467  1783906479    29774484       0
   90   249428136   665962289  1830522707   907076876  1735220248     223
   91   744025933   642797036  1677118737   530427121   413678720       0
   92  1570279824  1869127856  1282578284  1283803746   462149682       0
   93  1325320467   652134492   948353576   629124890  1530817997     186
   94   143423059  1196777144  1875552787  1479687149  1706874809     151
   95  1937116248  1225046904  1176015572  1937367814  1305222916      96
   96  1765675329  1899556398    40968821  1417181092           0       0
   97   503376166  1029991745   599366207   116864999  1918652805     240
   98   778879850   724131044  1815356403   748164760   906357410     102
   99   376489562  1391162935   750399343  2074061571   449607565     204
  100   892264956  1517241056  1269028238   868471739   508381547     200
  101  1808417992  1437591739  1501619808   453657732    90649898     170
  102   549588393   604955404  1111837213  1576100600   714050558       0
  103  1849943996  1156918460  1306336288   541899209  1565848275     216
  104  1637968107  1422105915   583353217  1660611308  1651488649     140
  105    25406843   746495078  1420432419  1695016827  1729192318       0
  106   880146002   378571236   406197800   678640089  1145351544     191
  107   276050476  2078600715   618326606   191020811  1897497709     132
  108   205579748  1320198722   336944800     2213627   291658755     230
  109  1121159442   283609001   232091402           0           0       0
  110   740499506   354923798   666424386  1640032049  1260373140     233
  111   254644879           0           0           0           0       0
  112  1439147199   792191918  1865023566   519327417  1777233934     241
  113    46579450   250602808  1515892085  1686099213  1258538877       0
  114  2084876306  2039222194  1848696292   931468449   925915076     246
  115   286807370   743310172  1820925739  1015672612  1394892292     245
  116   514408913  1218547383  2069814835  1158543894  1868669135     231
  117   141044510    30014178  1285782265   287466394   202038317     251
  118   592550741   147304149  1626312071    70879493  1285276754     239


Overflow File Cell 0
                     high  = 251
                     avail = 0
Overflow File
bucket  address of nodes on the chains
     0  247  195
     1  203  117   60   54
     2  115   16
     3  250   99   87
     4
     5  198  153
     6  207  202  196  144   34   21    4
     7  101
     8  224  219  124   61
     9   80   44   41
    10  134
    11  243  232
    12  135  125   71   69   67   63   58   28
    13  180  113
    14  244  100    1
    15
    16  193  157   98
    17
    18  161
    19
    20
    21  178
    22  214   75   20
    23  114   47
    24   82   76   37   29    8
    25
    26  211  192  142  136   45
    27  179   42
    28  162   17
    29
    30  106   48
    31
    32  248  154
    33  208  181  130   51
    34  166  120   81   40
    35  163  156   90   68   59
    36
    37   92   50   11
    38  182  143  122   73   49
    39
    40  242
    41  199  164  139
    42  228
    43   46
    44
    45  174  119   22   18
    46
    47  217  165
    48  220
    49  235  225  112   95   43   33   26   14   13
    50  221
    51  226  123
    52  133   91
    53
    54
    55
    56  184   56   38   36
    57
    58
    59  169  131  109   53
    60
    61
    62
    63  159  126   88   64   24   10    7    6    5    3    2
    64
    65  152
    66  237  213  147   84
    67  206  172   83   78
    68  188
    69  229
    70  249  218  128
    71  189  160  105   72   19   15   12
    72  185
    73  238
    74  108
    75  197  167  107   70
    76
    77  190  149   74   27
    78
    79
    80   97   86   77
    81  234   94
    82  210  173  104
    83  227  150
    84
    85  205   31   30
    86  194
    87
    88  236  215
    89
    90  223   85   79   57   52   25
    91
    92
    93  186
    94  151  110
    95   96   93   65
    96
    97  240  127   23    9
    98  102   39
    99  204  171  111   89
   100  200
   101  170  158   66   62
   102
   103  216
   104  140
   105
   106  191  187  168  155  148  145  103
   107  132  121  118   55
   108  230
   109
   110  233  177  146  137  129
   111
   112  241  209  183  141  116
   113
   114  246  175
   115  245  176   32
   116  231  201   35
   117  251  222  212
   118  239  138
