Program  2: Hash File with Chaining
Written by: David Haltinner

Statistics
number of slots in use           = 373
number of overflow nodes in use  = 195
average search length of file    = 2.21


Primary File
bucket slot1(key)  slot2(key)  slot3(key)  slot4(key)  slot5(key)    link
    0   901686205  1064307202   149033220  1783704804  1561027839     247
    1   509441976  2049281746  1909963329  1598610182           0     203
    2  1305136429  1985633288  1073189245           0           0     115
    3   301393445           0           0           0           0     250
    4   187083474           0           0           0  1754339416       0
    5           0           0           0           0  1357750735     198
    6   967469054   776105273  1610397018   838689872   935574436     207
    7  1611745884  1671787453           0           0           0     101
    8  1306639405  1419848151   463562842           0           0     224
    9  1394009206   961732900  1999768234   185651433   324111146      80
   10   418808491   744409627   312768543           0           0     134
   11           0           0           0   592718067   920486550     243
   12  1058263561   324734947   751361728           0           0     135
   13   779762150           0           0           0  1171800986     180
   14  1478114127  1176768642  1905723610   777287070  2073144948     244
   15  1713857174   440960941           0           0  1735063093       0
   16  1378802917  1710572299  2088216181           0           0     193
   17    22482330           0           0  1969995394  1903390261       0
   18  1698602924  1525409134  1206278385  1370328810           0     161
   19   748895936   673421257  1662726091  1861345778           0       0
   20  1882922978  1746156516           0           0           0       0
   21   638657432   324282518           0           0  1449090153     178
   22   988103313  1753190489  1495200750   952246709  1222745966     214
   23  2046659246  1932155542  1260691616           0           0     114
   24  1773660871  1418163722   173990043  1925503443  2029056529      82
   25           0           0   630344334  1128050886           0       0
   26   894760550  1212068933  1846991172  1721808289           0     211
   27   727888517  1176944894  1290525872  1332398759           0     179
   28    10534622  1089769898  1018781876  2050882085  1467933096     162
   29  1173244472   395956583   350240353   486347912  1009722288       0
   30  2001284434           0           0           0           0     106
   31  1647039642    65277957   562238260           0           0       0
   32  1356016813  2046651758           0  1440439102  1246009048     248
   33   735419200  1049603714  2022134070           0           0     208
   34  1427567469    57684213  1259407736   290334092           0     166
   35  2141629112   478281622  1501679242           0           0     163
   36   907462977  1988605942   745135553           0           0       0
   37   382588607  2025120260   561339340   389434915  1433243296      92
   38   790487764    44591242           0           0           0     182
   39   168115147  1293015245   328913064           0           0       0
   40  1353370380  1030391290           0           0  1756961855     242
   41  1402538087   183250283           0           0   744135006     199
   42   720760789   504510419           0           0  1305113740     228
   43   704994599   283496004  1499547246           0           0       0
   44  1296090686           0           0           0  1498676405       0
   45   534626109  1349984835  1860616929  1041536597  1813955244     174
   46  2050267587           0  1096996786  2027471947  1430131574       0
   47  1811048195  1620983656  1560067556   265844976  1997056024     217
   48   695089758   212681489           0   282438337  1165605286     220
   49  1501929275  2096671283   504494718  1310914283  1779446081     235
   50   520705613  1933447076           0   521863126  1584386994     221
   51   600678731  1555451907  1124997015           0           0     226
   52  1653699141           0           0           0  1960326203     133
   53   387078017  2075354936           0           0  1752253157       0
   54   292341285           0   178220047  1160340732   664557220       0
   55   465488785   436680194           0    75267079  1351559691       0
   56   697754890  1516093614  1469528081  1041173777   552733993     184
   57           0           0           0           0           0       0
   58   811995249  2093056905           0           0           0       0
   59   156677601  1266463985   610389020           0           0     169
   60  2097378987   716879979  1603984519           0           0       0
   61  1762885934    50068835           0           0           0       0
   62   395888310           0           0  1565698413   246160844       0
   63  1439770829  1849536619   264469590  1812109096  2061797752     159
   64   371225324   424968461  1937782617  1940027552           0       0
   65   524994150  2120695138           0           0           0     152
   66  2132851703  1937952075  1869943575           0           0     237
   67  1722937164  1258944740           0           0           0     206
   68   647681844  1061014778           0           0  1315392272     188
   69    62523026           0  1413788970  2002412355   864098220     229
   70  1919224097   779872401           0  2034128712  1028992594     249
   71  2052773157  1908569909  1029088985  1749770478  1925731256     189
   72  1505289858   447930233   960702185           0  1068194409     185
   73   573303993  1675189015  2118438073   835396138           0     238
   74  1457309298   196007473   966379082           0           0     108
   75  1613945548  1317502030           0           0           0     197
   76  1956373523           0  1395589355  2146397245   361684987       0
   77  1161766018  1995434203   254349130   254807280           0     190
   78  1852052651           0   524961438           0           0       0
   79    81743083           0           0           0           0       0
   80  1925601912    66136472    62079881           0           0      97
   81   891537252   983443094  1693933546           0   876834683     234
   82  1034700679   946377451   737103456    52873567           0     210
   83  1879341736           0           0           0           0     227
   84  1633660644  2048921616           0   952610197  1236973906       0
   85  1012774694   336165208   496293512           0           0     205
   86  1195020339  2018811643           0           0  1328218348     194
   87  1796733487  1865974827           0           0           0       0
   88   731053264           0           0           0           0     236
   89  1297890130           0   927731467  1783906479    29774484       0
   90   249428136   665962289  1830522707   907076876  1735220248     223
   91   744025933   642797036  1677118737           0   413678720       0
   92  1570279824           0  1282578284  1283803746   462149682       0
   93  1325320467           0           0           0  1530817997     186
   94   143423059           0           0           0           0     151
   95  1937116248  1225046904           0           0           0      96
   96           0           0           0  1417181092           0       0
   97   503376166  1029991745   599366207   116864999  1918652805     240
   98   778879850           0           0           0           0     102
   99   376489562  1391162935   750399343           0           0     204
  100   892264956  1517241056           0           0   508381547     200
  101  1808417992  1437591739  1501619808           0           0     170
  102   549588393   604955404           0  1576100600   714050558       0
  103  1849943996           0           0           0           0     216
  104  1637968107  1422105915           0           0  1651488649     140
  105    25406843   746495078  1420432419           0  1729192318       0
  106   880146002   378571236           0           0  1145351544     191
  107   276050476  2078600715           0           0           0     132
  108   205579748  1320198722           0           0   291658755     230
  109           0           0   232091402           0           0       0
  110   740499506           0           0           0  1260373140     233
  111   254644879           0           0           0           0       0
  112  1439147199   792191918  1865023566           0           0     241
  113    46579450   250602808  1515892085  1686099213  1258538877       0
  114  2084876306  2039222194           0           0           0     246
  115   286807370   743310172  1820925739  1015672612           0     245
  116   514408913  1218547383  2069814835           0           0     231
  117   141044510    30014178           0   287466394   202038317     251
  118           0           0           0    70879493  1285276754     239


Overflow File Cell 0
                     high  = 251
                     avail = 55
Overflow File
bucket  address of nodes on the chains
     0  247  195
     1  203  117
     2  115
     3  250   99   87
     4
     5  198  153
     6  207  202  196  144    4
     7  101
     8  224  219  124
     9   80
    10  134
    11  243  232
    12  135  125   71
    13  180  113
    14  244  100    1
    15
    16  193  157   98
    17
    18  161
    19
    20
    21  178
    22  214   75
    23  114
    24   82   76    8
    25
    26  211  192  142  136
    27  179
    28  162
    29
    30  106
    31
    32  248  154
    33  208  181  130
    34  166  120   81
    35  163  156   90
    36
    37   92   11
    38  182  143  122   73
    39
    40  242
    41  199  164  139
    42  228
    43
    44
    45  174  119
    46
    47  217  165
    48  220
    49  235  225  112   95   13
    50  221
    51  226  123
    52  133   91
    53
    54
    55
    56  184
    57
    58
    59  169  131  109
    60
    61
    62
    63  159  126   88   10    7    6    5    3    2
    64
    65  152
    66  237  213  147   84
    67  206  172   83   78
    68  188
    69  229
    70  249  218  128
    71  189  160  105   72   12
    72  185
    73  238
    74  108
    75  197  167  107   70
    76
    77  190  149   74
    78
    79
    80   97   86   77
    81  234   94
    82  210  173  104
    83  227  150
    84
    85  205
    86  194
    87
    88  236  215
    89
    90  223   85   79
    91
    92
    93  186
    94  151  110
    95   96   93
    96
    97  240  127    9
    98  102
    99  204  171  111   89
   100  200
   101  170  158
   102
   103  216
   104  140
   105
   106  191  187  168  155  148  145  103
   107  132  121  118
   108  230
   109
   110  233  177  146  137  129
   111
   112  241  209  183  141  116
   113
   114  246  175
   115  245  176
   116  231  201
   117  251  222  212
   118  239  138
