B+tree
L rn  A0     K1   A1     K2   A2     K3   A3     K4   A4     K5   A5     K6   A6
1 3    1  14790    6  22767    8  27691    4  40718    2  48386    7  52257    5


2 1   -6   7377  -18   9162   -7  10348  -29  11830  -27  12503  -12  13272  -17
2 6   -8  14790  -11  14855  -28  15220  -21  20048  -25  20973   -6
2 8   -4  22767  -20  23453  -22  25023   -4
2 4   -2  27691   -8  37979  -24  38376   -1  38496   -9
2 2   -7  40718   -3  47930  -23  47996  -13  48067  -16
2 7   -5  48386  -15  51332   -5  51582  -19
2 5    0  52257   -2  54953  -26  58361  -10  60997  -14  63989  -30

##########################################################################


B+tree
L rn  A0     K1   A1     K2   A2     K3   A3     K4   A4     K5   A5     K6   A6
1  3   1  14790    6  22767    7  38376    2  47996    4  51332    5  54953    8


2  1   6   7377  -18   9162   -7  10348  -29  11830  -27  12503  -12  13272  -17
2  6   7  14790  -11  14855  -28  15220  -21  20048  -25  20973   -6
2  7   2  22767  -20  23453  -22  25023   -4  27691   -8  37979  -24
2  2   4  38376   -1  38496   -9  40718   -3  47930  -23
2  4   5  47996  -13  48067  -16  48386  -15
2  5   8  51332   -5  51582  -19  52257   -2
2  8   0  54953  -26  58361  -10  60997  -14  63989  -30


3  6   7  14790  -11  14855  -28  15220  -21  20048  -25  20973   -6
