
Sequential List of Keys
    645    902   1504   1572   2061   2598   2773   2811   2879   2926   3398
   3492   3892   3914   3949   4100   4269   4583   5155   5529   5539   6099
   6704   6750   7084   7377   7441   7583   7584   7599   8113   8263   8375
   8412   8688   8815   8846   8948   9162   9754   9907   9933   9953  10162
  10348  10573  10688  10845  10865  11420  11808  11830  12389  12503  12881
  13208  13272  13343  13672  14170  14195  14621  14790  14855  15042  15220
  15222  15698  15700  15735  15875  15925  16060  16457  16590  17399  17486
  17808  18070  18106  18119  18237  18414  18422  18441  18853  19384  19513
  19670  19801  20013  20048  20322  20505  20973  21745  21788  22003  22278
  22309  22676  22738  22767  23241  23453  24016  24254  24678  24715  24975
  25023  25147  25188  25812  25866  26282  26391  26415  27056  27223  27691
  28315  28393  29057  29528  29923  30388  30823  31296  32067  32222  34189
  34705  34781  34794  34867  35039  35246  36766  37418  37593  37654  37767
  37828  37979  38280  38348  38376  38496  38507  38527  40033  40219  40363
  40524  40718  41398  41409  42279  42312  42753  42807  42812  43453  43794
  44062  44425  44439  45332  45568  46341  46608  47869  47930  47934  47996
  48067  48069  48386  48613  49151  49569  50600  50632  50873  51332  51548
  51561  51582  51761  52024  52257  52274  52292  52526  53429  53435  53771
  54012  54242  54293  54953  55311  55421  55794  56426  56661  57324  57594
  57728  58361  58412  58603  58664  58843  59155  59253  59769  59876  60107
  60152  60280  60378  60481  60538  60670  60706  60997  61808  61850  61858
  62047  62232  62287  62438  62728  63042  63059  63075  63142  63618  63819
  63867  63882  63989  64012  64553  64643  64719  65138
