B+tree
L rn  A0     K1   A1     K2   A2     K3   A3     K4   A4     K5   A5     K6   A6
1  3   1  13272    6  20973    4  38376    2  47996    7  51332    5


2  1  -6   7377  -18   9162   -7  10348  -29  11830  -27  12503  -12  13272  -17
2  6  -4  14790  -11  14855  -28  15220  -21  20048  -25  20973   -6
2  4  -2  22767  -20  23453  -22  25023   -4  27691   -8  37979  -24  38376   -1
2  2  -7  38496   -9  40718   -3  47930  -23  47996  -13
2  7  -5  48067  -16  48386  -15  51332   -5
2  5   0  51582  -19  52257   -2  54953  -26  58361  -10  60997  -14  63989  -30


