 Index File Page 0
first root avail high free
1 3 9 50 42

Data File Page 0
avail high free
31 50 20


Query: 60000 was not found
Query: 60107 was not found

B+tree
L rn A0 K1 A1 K2 A2 K3 A3 K4 A4 K5 A5 K6 A6
1 3 1 14790 6 22767 8 27691 4 40718 2 48386 7 52257 5


2 1 -6 7377 -18 9162 -7 10348 -29 11830 -27 12503 -12 13272 -17
2 6 -8 14790 -11 14855 -28 15220 -21 20048 -25 20973 -6
2 8 -4 22767 -20 23453 -22 25023 -4
2 4 -2 27691 -8 37979 -24 38376 -1 38496 -9
2 2 -7 40718 -3 47930 -23 47996 -13 48067 -16
2 7 -5 48386 -15 51332 -5 51582 -19
2 5 0 52257 -2 54953 -26 58361 -10 60997 -14 63989 -30
