Program  3: Indexed Sequential File
Written by: Your Name(s)

Index File Page 0
     first      root     avail      high      free
         1        56         0        70         0

Data File Page 0
     avail      high      free
         0       250         0


Query: 60000 was not found
Query: 60107 was found at address 232; data = abcdefg

B+tree
L rn  A0     K1   A1     K2   A2     K3   A3     K4   A4     K5   A5     K6   A6
1 56  11  27691   55


2 11   3   4269   61   9162   41  15700   19  21788   54
2 55  10  35039   68  40718   30  46341   59  51548   21  58361   37


3  3   1   2061   60   2879   48   3892   40
3 61  31   5539   69   6750   24   7584   63   8375   51   8815   43
3 41  22  10348   15  11808   49  12503   12  13343   44  14790    6
3 19  18  16060   70  17399   65  18070   57  18414   33  18853   14  20048    9
3 54  52  22767    8  24254   64  25023   32  26282   53

3 10   4  29528   66  30823   42  34705   29
3 68  67  37593   50  37979   17  38527   27
3 30   2  42753   47  43453   38  44439   34
3 59  26  47930   23  48386    7  50632   58
3 21  20  52257    5  53435   36  54953   25  56661   46
3 37  16  59155   45  60280   39  60997   28  62287   62  63142   13  63989   35


4  1 -60    645 -206    902  -75   1504 -137   1572 -101
4 60 -48   2061 -102   2598 -171   2773 -190   2811 -248
4 48 -40   2879 -132   2926 -163   3398 -139   3492 -229
4 40 -31   3892  -85   3914 -135   3949 -134   4100 -133

4 31 -69   4269  -70   4583 -188   5155  -48   5529 -234
4 69 -24   5539 -176   6099 -192   6704  -57
4 24 -63   6750  -51   7084 -221   7377  -18   7441 -210   7583 -164
4 63 -51   7584 -201   7599  -84   8113 -178   8263 -220
4 51 -43   8375 -172   8412 -173   8688 -121
4 43 -22   8815 -148   8846 -131   8948 -149

4 22 -15   9162   -7   9754  -55   9907  -96   9933 -166   9953  -66  10162 -223
4 15 -49  10348  -29  10573  -38  10688 -169  10845  -86  10865 -242  11420 -237
4 49 -12  11808  -73  11830  -27  12389 -110
4 12 -44  12503  -12  12881 -146  13208  -81  13272  -17
4 44  -6  13343  -36  13672 -129  14170 -247  14195 -160  14621 -150
4  6 -18  14790  -11  14855  -28  15042  -79  15220  -21  15222 -219  15698  -63

4 18 -70  15700  -53  15735 -236  15875 -208  15925 -222
4 70 -65  16060 -205  16457 -250  16590  -67
4 65 -57  17399 -108  17486 -195  17808 -217
4 57 -33  18070 -187  18106 -151  18119  -92  18237 -246
4 33 -14  18414  -35  18422  -91  18441  -58
4 14  -9  18853  -46  19384  -49  19513 -202  19670 -123  19801  -42  20013 -198
4  9 -52  20048  -25  20322 -175  20505 -106  20973   -6  21745 -114

4 52  -8  21788 -109  22003  -32  22278 -203  22309 -174  22676 -245  22738 -191
4  8 -64  22767  -20  23241 -122  23453  -22  24016 -153
4 64 -32  24254 -211  24678 -107  24715  -40  24975 -244
4 32 -53  25023   -4  25147 -184  25188  -37  25812 -181  25866 -199
4 53  -4  26282  -39  26391 -204  26415 -212  27056 -185  27223 -140

4  4 -66  27691   -8  28315 -216  28393 -218  29057  -34
4 66 -42  29528 -145  29923 -112  30388 -213
4 42 -29  30823  -60  31296  -41  32067 -144  32222 -179  34189 -230
4 29 -67  34705  -82  34781 -214  34794 -231  34867 -224

4 67 -50  35039 -100  35246  -99  36766 -243  37418 -167
4 50 -17  37593 -170  37654  -59  37767 -156  37828 -197
4 17 -27  37979  -24  38280  -97  38348 -189  38376   -1  38496   -9  38507 -200
4 27  -2  38527  -68  40033 -194  40219  -88  40363 -136  40524  -61

4  2 -47  40718   -3  41398 -155  41409 -226  42279 -124  42312 -161
4 47 -38  42753 -162  42807  -44  42812  -77
4 38 -34  43453 -118  43794 -127  44062 -115  44425 -186
4 34 -26  44439  -76  45332 -117  45568 -105

4 26 -23  46341  -78  46608  -89  47869  -54
4 23  -7  47930  -23  47934  -83  47996  -13  48067  -16  48069 -142
4  7 -58  48386  -15  48613 -238  49151 -196  49569 -130  50600  -65
4 58 -20  50632  -33  50873  -74  51332   -5

4 20  -5  51548  -45  51561  -90  51582  -19  51761  -50  52024 -177
4  5 -36  52257   -2  52274  -95  52292  -69  52526 -227  53429  -94
4 36 -25  53435  -56  53771 -168  54012 -141  54242  -47  54293 -126
4 25 -46  54953  -26  55311 -116  55421 -182  55794 -159  56426 -103
4 46 -16  56661  -62  57324 -157  57594  -87  57728 -233

4 16 -45  58361  -10  58412  -93  58603  -72  58664 -193  58843 -152
4 45 -39  59155 -128  59253 -158  59769 -138  59876 -165  60107 -232  60152 -241
4 39 -28  60280 -113  60378 -119  60481  -98  60538 -215  60670 -147  60706 -239
4 28 -62  60997  -14  61808 -249  61850 -183  61858 -111  62047 -228  62232 -209
4 62 -13  62287  -52  62438 -235  62728 -225  63042 -207  63059  -64  63075 -240
4 13 -35  63142  -43  63618 -143  63819 -104  63867 -120  63882  -71
4 35   0  63989  -30  64012 -125  64553 -154  64643  -80  64719 -180  65138  -31


